13
0 45 28 28 35 99 52 17 88 86 81 40 85 
45 0 38 79 60 79 47 12 50 30 53 85 33 
28 38 0 69 98 62 40 91 16 64 58 61 49 
28 79 69 0 98 13 48 89 16 29 46 59 27 
35 60 98 98 0 99 70 82 26 55 95 75 51 
99 79 62 13 99 0 47 40 65 46 99 33 55 
52 47 40 48 70 47 0 40 94 73 72 37 97 
17 12 91 89 82 40 40 0 55 35 64 77 47 
88 50 16 16 26 65 94 55 0 94 28 60 31 
86 30 64 29 55 46 73 35 94 0 46 72 41 
81 53 58 46 95 99 72 64 28 46 0 54 29 
40 85 61 59 75 33 37 77 60 72 54 0 66 
85 33 49 27 51 55 97 47 31 41 29 66 0 
